# Blender 4.3.0
# www.blender.org
mtllib grass_short.mtl
o Nodes
o GrassBlade
v 0.061573 -0.504429 -0.375781
v 0.061573 -0.141254 -0.375781
v 0.060582 -0.504429 -0.376590
v 0.060582 -0.141254 -0.376590
v 0.080553 -0.504429 -0.399014
v 0.080553 -0.141254 -0.399014
v 0.079563 -0.504429 -0.399823
v 0.079563 -0.141254 -0.399823
vn -0.6327 -0.0000 0.7744
vn -0.7744 -0.0000 -0.6327
vn 0.6327 -0.0000 -0.7744
vn 0.7744 -0.0000 0.6327
vn -0.0000 -1.0000 -0.0000
vn -0.0000 1.0000 -0.0000
vt 0.375000 0.000000
vt 0.625000 0.000000
vt 0.625000 0.250000
vt 0.375000 0.250000
vt 0.625000 0.500000
vt 0.375000 0.500000
vt 0.625000 0.750000
vt 0.375000 0.750000
vt 0.625000 1.000000
vt 0.375000 1.000000
vt 0.125000 0.500000
vt 0.125000 0.750000
vt 0.875000 0.500000
vt 0.875000 0.750000
s 0
usemtl Grass
f 1/1/1 2/2/1 4/3/1 3/4/1
f 3/4/2 4/3/2 8/5/2 7/6/2
f 7/6/3 8/5/3 6/7/3 5/8/3
f 5/8/4 6/7/4 2/9/4 1/10/4
f 3/11/5 7/6/5 5/8/5 1/12/5
f 8/5/6 4/13/6 2/14/6 6/7/6
o GrassBlade
v -0.111938 -0.502098 -0.140529
v -0.111938 -0.330055 -0.140529
v -0.112459 -0.502098 -0.141697
v -0.112459 -0.330055 -0.141697
v -0.084541 -0.502098 -0.152751
v -0.084541 -0.330055 -0.152751
v -0.085062 -0.502098 -0.153919
v -0.085062 -0.330055 -0.153919
vn -0.9132 -0.0000 0.4074
vn -0.4074 -0.0000 -0.9132
vn 0.9132 -0.0000 -0.4074
vn 0.4074 -0.0000 0.9132
vn -0.0000 -1.0000 -0.0000
vn -0.0000 1.0000 -0.0000
vt 0.375000 0.000000
vt 0.625000 0.000000
vt 0.625000 0.250000
vt 0.375000 0.250000
vt 0.625000 0.500000
vt 0.375000 0.500000
vt 0.625000 0.750000
vt 0.375000 0.750000
vt 0.625000 1.000000
vt 0.375000 1.000000
vt 0.125000 0.500000
vt 0.125000 0.750000
vt 0.875000 0.500000
vt 0.875000 0.750000
s 0
usemtl Grass
f 9/15/7 10/16/7 12/17/7 11/18/7
f 11/18/8 12/17/8 16/19/8 15/20/8
f 15/20/9 16/19/9 14/21/9 13/22/9
f 13/22/10 14/21/10 10/23/10 9/24/10
f 11/25/11 15/20/11 13/22/11 9/26/11
f 16/19/12 12/27/12 10/28/12 14/21/12
o GrassBlade
v 0.360416 -0.501423 -0.289936
v 0.360416 -0.384754 -0.289936
v 0.360057 -0.501423 -0.291164
v 0.360057 -0.384754 -0.291164
v 0.389210 -0.501423 -0.298358
v 0.389210 -0.384754 -0.298358
v 0.388851 -0.501423 -0.299586
v 0.388851 -0.384754 -0.299586
vn -0.9598 -0.0000 0.2807
vn -0.2807 -0.0000 -0.9598
vn 0.9598 -0.0000 -0.2807
vn 0.2807 -0.0000 0.9598
vn -0.0000 -1.0000 -0.0000
vn -0.0000 1.0000 -0.0000
vt 0.375000 0.000000
vt 0.625000 0.000000
vt 0.625000 0.250000
vt 0.375000 0.250000
vt 0.625000 0.500000
vt 0.375000 0.500000
vt 0.625000 0.750000
vt 0.375000 0.750000
vt 0.625000 1.000000
vt 0.375000 1.000000
vt 0.125000 0.500000
vt 0.125000 0.750000
vt 0.875000 0.500000
vt 0.875000 0.750000
s 0
usemtl Grass
f 17/29/13 18/30/13 20/31/13 19/32/13
f 19/32/14 20/31/14 24/33/14 23/34/14
f 23/34/15 24/33/15 22/35/15 21/36/15
f 21/36/16 22/35/16 18/37/16 17/38/16
f 19/39/17 23/34/17 21/36/17 17/40/17
f 24/33/18 20/41/18 18/42/18 22/35/18
o GrassBlade
v 0.436401 -0.504054 0.137720
v 0.436401 -0.171663 0.137720
v 0.435474 -0.504054 0.136838
v 0.435474 -0.171663 0.136838
v 0.457071 -0.504054 0.115976
v 0.457071 -0.171663 0.115976
v 0.456144 -0.504054 0.115095
v 0.456144 -0.171663 0.115095
vn -0.6890 -0.0000 0.7248
vn -0.7248 -0.0000 -0.6890
vn 0.6890 -0.0000 -0.7248
vn 0.7248 -0.0000 0.6890
vn -0.0000 -1.0000 -0.0000
vn -0.0000 1.0000 -0.0000
vt 0.375000 0.000000
vt 0.625000 0.000000
vt 0.625000 0.250000
vt 0.375000 0.250000
vt 0.625000 0.500000
vt 0.375000 0.500000
vt 0.625000 0.750000
vt 0.375000 0.750000
vt 0.625000 1.000000
vt 0.375000 1.000000
vt 0.125000 0.500000
vt 0.125000 0.750000
vt 0.875000 0.500000
vt 0.875000 0.750000
s 0
usemtl Grass
f 25/43/19 26/44/19 28/45/19 27/46/19
f 27/46/20 28/45/20 32/47/20 31/48/20
f 31/48/21 32/47/21 30/49/21 29/50/21
f 29/50/22 30/49/22 26/51/22 25/52/22
f 27/53/23 31/48/23 29/50/23 25/54/23
f 32/47/24 28/55/24 26/56/24 30/49/24
o GrassBlade
v -0.172478 -0.501944 -0.327854
v -0.172478 -0.342576 -0.327854
v -0.172962 -0.501944 -0.329037
v -0.172962 -0.342576 -0.329037
v -0.144716 -0.501944 -0.339223
v -0.144716 -0.342576 -0.339223
v -0.145200 -0.501944 -0.340407
v -0.145200 -0.342576 -0.340407
vn -0.9254 -0.0000 0.3790
vn -0.3790 -0.0000 -0.9254
vn 0.9254 -0.0000 -0.3790
vn 0.3790 -0.0000 0.9254
vn -0.0000 -1.0000 -0.0000
vn -0.0000 1.0000 -0.0000
vt 0.375000 0.000000
vt 0.625000 0.000000
vt 0.625000 0.250000
vt 0.375000 0.250000
vt 0.625000 0.500000
vt 0.375000 0.500000
vt 0.625000 0.750000
vt 0.375000 0.750000
vt 0.625000 1.000000
vt 0.375000 1.000000
vt 0.125000 0.500000
vt 0.125000 0.750000
vt 0.875000 0.500000
vt 0.875000 0.750000
s 0
usemtl Grass
f 33/57/25 34/58/25 36/59/25 35/60/25
f 35/60/26 36/59/26 40/61/26 39/62/26
f 39/62/27 40/61/27 38/63/27 37/64/27
f 37/64/28 38/63/28 34/65/28 33/66/28
f 35/67/29 39/62/29 37/64/29 33/68/29
f 40/61/30 36/69/30 34/70/30 38/63/30
o GrassBlade
v 0.462512 -0.500312 -0.139975
v 0.462512 -0.474716 -0.139975
v 0.462433 -0.500312 -0.141252
v 0.462433 -0.474716 -0.141252
v 0.492454 -0.500312 -0.141847
v 0.492454 -0.474716 -0.141847
v 0.492374 -0.500312 -0.143124
v 0.492374 -0.474716 -0.143124
vn -0.9981 -0.0000 0.0624
vn -0.0624 -0.0000 -0.9981
vn 0.9981 -0.0000 -0.0624
vn 0.0624 -0.0000 0.9981
vn -0.0000 -1.0000 -0.0000
vn -0.0000 1.0000 -0.0000
vt 0.375000 0.000000
vt 0.625000 0.000000
vt 0.625000 0.250000
vt 0.375000 0.250000
vt 0.625000 0.500000
vt 0.375000 0.500000
vt 0.625000 0.750000
vt 0.375000 0.750000
vt 0.625000 1.000000
vt 0.375000 1.000000
vt 0.125000 0.500000
vt 0.125000 0.750000
vt 0.875000 0.500000
vt 0.875000 0.750000
s 0
usemtl Grass
f 41/71/31 42/72/31 44/73/31 43/74/31
f 43/74/32 44/73/32 48/75/32 47/76/32
f 47/76/33 48/75/33 46/77/33 45/78/33
f 45/78/34 46/77/34 42/79/34 41/80/34
f 43/81/35 47/76/35 45/78/35 41/82/35
f 48/75/36 44/83/36 42/84/36 46/77/36
o GrassBlade
v 0.444434 -0.501299 -0.182289
v 0.444434 -0.394793 -0.182289
v 0.444105 -0.501299 -0.183525
v 0.444105 -0.394793 -0.183525
v 0.473427 -0.501299 -0.189995
v 0.473427 -0.394793 -0.189995
v 0.473099 -0.501299 -0.191231
v 0.473099 -0.394793 -0.191231
vn -0.9664 -0.0000 0.2569
vn -0.2569 -0.0000 -0.9664
vn 0.9664 -0.0000 -0.2569
vn 0.2569 -0.0000 0.9664
vn -0.0000 -1.0000 -0.0000
vn -0.0000 1.0000 -0.0000
vt 0.375000 0.000000
vt 0.625000 0.000000
vt 0.625000 0.250000
vt 0.375000 0.250000
vt 0.625000 0.500000
vt 0.375000 0.500000
vt 0.625000 0.750000
vt 0.375000 0.750000
vt 0.625000 1.000000
vt 0.375000 1.000000
vt 0.125000 0.500000
vt 0.125000 0.750000
vt 0.875000 0.500000
vt 0.875000 0.750000
s 0
usemtl Grass
f 49/85/37 50/86/37 52/87/37 51/88/37
f 51/88/38 52/87/38 56/89/38 55/90/38
f 55/90/39 56/89/39 54/91/39 53/92/39
f 53/92/40 54/91/40 50/93/40 49/94/40
f 51/95/41 55/90/41 53/92/41 49/96/41
f 56/89/42 52/97/42 50/98/42 54/91/42
o GrassBlade
v -0.128108 -0.503859 -0.144186
v -0.128108 -0.187415 -0.144186
v -0.129000 -0.503859 -0.145103
v -0.129000 -0.187415 -0.145103
v -0.106608 -0.503859 -0.165109
v -0.106608 -0.187415 -0.165109
v -0.107500 -0.503859 -0.166026
v -0.107500 -0.187415 -0.166026
vn -0.7166 -0.0000 0.6974
vn -0.6974 -0.0000 -0.7166
vn 0.7166 -0.0000 -0.6974
vn 0.6974 -0.0000 0.7166
vn -0.0000 -1.0000 -0.0000
vn -0.0000 1.0000 -0.0000
vt 0.375000 0.000000
vt 0.625000 0.000000
vt 0.625000 0.250000
vt 0.375000 0.250000
vt 0.625000 0.500000
vt 0.375000 0.500000
vt 0.625000 0.750000
vt 0.375000 0.750000
vt 0.625000 1.000000
vt 0.375000 1.000000
vt 0.125000 0.500000
vt 0.125000 0.750000
vt 0.875000 0.500000
vt 0.875000 0.750000
s 0
usemtl Grass
f 57/99/43 58/100/43 60/101/43 59/102/43
f 59/102/44 60/101/44 64/103/44 63/104/44
f 63/104/45 64/103/45 62/105/45 61/106/45
f 61/106/46 62/105/46 58/107/46 57/108/46
f 59/109/47 63/104/47 61/106/47 57/110/47
f 64/103/48 60/111/48 58/112/48 62/105/48
o GrassBlade
v 0.263008 -0.504199 -0.417989
v 0.263008 -0.159874 -0.417989
v 0.262055 -0.504199 -0.418843
v 0.262055 -0.159874 -0.418843
v 0.283036 -0.504199 -0.440325
v 0.283036 -0.159874 -0.440325
v 0.282083 -0.504199 -0.441179
v 0.282083 -0.159874 -0.441179
vn -0.6676 -0.0000 0.7445
vn -0.7445 -0.0000 -0.6676
vn 0.6676 -0.0000 -0.7445
vn 0.7445 -0.0000 0.6676
vn -0.0000 -1.0000 -0.0000
vn -0.0000 1.0000 -0.0000
vt 0.375000 0.000000
vt 0.625000 0.000000
vt 0.625000 0.250000
vt 0.375000 0.250000
vt 0.625000 0.500000
vt 0.375000 0.500000
vt 0.625000 0.750000
vt 0.375000 0.750000
vt 0.625000 1.000000
vt 0.375000 1.000000
vt 0.125000 0.500000
vt 0.125000 0.750000
vt 0.875000 0.500000
vt 0.875000 0.750000
s 0
usemtl Grass
f 65/113/49 66/114/49 68/115/49 67/116/49
f 67/116/50 68/115/50 72/117/50 71/118/50
f 71/118/51 72/117/51 70/119/51 69/120/51
f 69/120/52 70/119/52 66/121/52 65/122/52
f 67/123/53 71/118/53 69/120/53 65/124/53
f 72/117/54 68/125/54 66/126/54 70/119/54
o GrassBlade
v 0.199868 -0.504190 -0.280301
v 0.199868 -0.160587 -0.280301
v 0.198917 -0.504190 -0.281157
v 0.198917 -0.160587 -0.281157
v 0.219936 -0.504190 -0.302602
v 0.219936 -0.160587 -0.302602
v 0.218985 -0.504190 -0.303457
v 0.218985 -0.160587 -0.303457
vn -0.6689 -0.0000 0.7433
vn -0.7433 -0.0000 -0.6689
vn 0.6689 -0.0000 -0.7433
vn 0.7433 -0.0000 0.6689
vn -0.0000 -1.0000 -0.0000
vn -0.0000 1.0000 -0.0000
vt 0.375000 0.000000
vt 0.625000 0.000000
vt 0.625000 0.250000
vt 0.375000 0.250000
vt 0.625000 0.500000
vt 0.375000 0.500000
vt 0.625000 0.750000
vt 0.375000 0.750000
vt 0.625000 1.000000
vt 0.375000 1.000000
vt 0.125000 0.500000
vt 0.125000 0.750000
vt 0.875000 0.500000
vt 0.875000 0.750000
s 0
usemtl Grass
f 73/127/55 74/128/55 76/129/55 75/130/55
f 75/130/56 76/129/56 80/131/56 79/132/56
f 79/132/57 80/131/57 78/133/57 77/134/57
f 77/134/58 78/133/58 74/135/58 73/136/58
f 75/137/59 79/132/59 77/134/59 73/138/59
f 80/131/60 76/139/60 74/140/60 78/133/60
o GrassBlade
v 0.427372 -0.501843 -0.266450
v 0.427372 -0.350684 -0.266450
v 0.426911 -0.501843 -0.267644
v 0.426911 -0.350684 -0.267644
v 0.455356 -0.501843 -0.277262
v 0.455356 -0.350684 -0.277262
v 0.454895 -0.501843 -0.278455
v 0.454895 -0.350684 -0.278455
vn -0.9328 -0.0000 0.3604
vn -0.3604 -0.0000 -0.9328
vn 0.9328 -0.0000 -0.3604
vn 0.3604 -0.0000 0.9328
vn -0.0000 -1.0000 -0.0000
vn -0.0000 1.0000 -0.0000
vt 0.375000 0.000000
vt 0.625000 0.000000
vt 0.625000 0.250000
vt 0.375000 0.250000
vt 0.625000 0.500000
vt 0.375000 0.500000
vt 0.625000 0.750000
vt 0.375000 0.750000
vt 0.625000 1.000000
vt 0.375000 1.000000
vt 0.125000 0.500000
vt 0.125000 0.750000
vt 0.875000 0.500000
vt 0.875000 0.750000
s 0
usemtl Grass
f 81/141/61 82/142/61 84/143/61 83/144/61
f 83/144/62 84/143/62 88/145/62 87/146/62
f 87/146/63 88/145/63 86/147/63 85/148/63
f 85/148/64 86/147/64 82/149/64 81/150/64
f 83/151/65 87/146/65 85/148/65 81/152/65
f 88/145/66 84/153/66 82/154/66 86/147/66
o GrassBlade
v -0.060239 -0.502932 -0.381988
v -0.060239 -0.262495 -0.381988
v -0.060947 -0.502932 -0.383054
v -0.060947 -0.262495 -0.383054
v -0.035251 -0.502932 -0.398590
v -0.035251 -0.262495 -0.398590
v -0.035959 -0.502932 -0.399655
v -0.035959 -0.262495 -0.399655
vn -0.8329 -0.0000 0.5534
vn -0.5534 -0.0000 -0.8329
vn 0.8329 -0.0000 -0.5534
vn 0.5534 -0.0000 0.8329
vn -0.0000 -1.0000 -0.0000
vn -0.0000 1.0000 -0.0000
vt 0.375000 0.000000
vt 0.625000 0.000000
vt 0.625000 0.250000
vt 0.375000 0.250000
vt 0.625000 0.500000
vt 0.375000 0.500000
vt 0.625000 0.750000
vt 0.375000 0.750000
vt 0.625000 1.000000
vt 0.375000 1.000000
vt 0.125000 0.500000
vt 0.125000 0.750000
vt 0.875000 0.500000
vt 0.875000 0.750000
s 0
usemtl Grass
f 89/155/67 90/156/67 92/157/67 91/158/67
f 91/158/68 92/157/68 96/159/68 95/160/68
f 95/160/69 96/159/69 94/161/69 93/162/69
f 93/162/70 94/161/70 90/163/70 89/164/70
f 91/165/71 95/160/71 93/162/71 89/166/71
f 96/159/72 92/167/72 90/168/72 94/161/72
o GrassBlade
v 0.398231 -0.502682 -0.081845
v 0.398231 -0.282779 -0.081845
v 0.397577 -0.502682 -0.082945
v 0.397577 -0.282779 -0.082945
v 0.424018 -0.502682 -0.097175
v 0.424018 -0.282779 -0.097175
v 0.423364 -0.502682 -0.098275
v 0.423364 -0.282779 -0.098275
vn -0.8596 -0.0000 0.5110
vn -0.5110 -0.0000 -0.8596
vn 0.8596 -0.0000 -0.5110
vn 0.5110 -0.0000 0.8596
vn -0.0000 -1.0000 -0.0000
vn -0.0000 1.0000 -0.0000
vt 0.375000 0.000000
vt 0.625000 0.000000
vt 0.625000 0.250000
vt 0.375000 0.250000
vt 0.625000 0.500000
vt 0.375000 0.500000
vt 0.625000 0.750000
vt 0.375000 0.750000
vt 0.625000 1.000000
vt 0.375000 1.000000
vt 0.125000 0.500000
vt 0.125000 0.750000
vt 0.875000 0.500000
vt 0.875000 0.750000
s 0
usemtl Grass
f 97/169/73 98/170/73 100/171/73 99/172/73
f 99/172/74 100/171/74 104/173/74 103/174/74
f 103/174/75 104/173/75 102/175/75 101/176/75
f 101/176/76 102/175/76 98/177/76 97/178/76
f 99/179/77 103/174/77 101/176/77 97/180/77
f 104/173/78 100/181/78 98/182/78 102/175/78
o GrassBlade
v 0.277562 -0.502399 -0.139758
v 0.277562 -0.305684 -0.139758
v 0.276972 -0.502399 -0.140893
v 0.276972 -0.305684 -0.140893
v 0.304175 -0.502399 -0.153606
v 0.304175 -0.305684 -0.153606
v 0.303585 -0.502399 -0.154741
v 0.303585 -0.305684 -0.154741
vn -0.8871 -0.0000 0.4616
vn -0.4616 -0.0000 -0.8871
vn 0.8871 -0.0000 -0.4616
vn 0.4616 -0.0000 0.8871
vn -0.0000 -1.0000 -0.0000
vn -0.0000 1.0000 -0.0000
vt 0.375000 0.000000
vt 0.625000 0.000000
vt 0.625000 0.250000
vt 0.375000 0.250000
vt 0.625000 0.500000
vt 0.375000 0.500000
vt 0.625000 0.750000
vt 0.375000 0.750000
vt 0.625000 1.000000
vt 0.375000 1.000000
vt 0.125000 0.500000
vt 0.125000 0.750000
vt 0.875000 0.500000
vt 0.875000 0.750000
s 0
usemtl Grass
f 105/183/79 106/184/79 108/185/79 107/186/79
f 107/186/80 108/185/80 112/187/80 111/188/80
f 111/188/81 112/187/81 110/189/81 109/190/81
f 109/190/82 110/189/82 106/191/82 105/192/82
f 107/193/83 111/188/83 109/190/83 105/194/83
f 112/187/84 108/195/84 106/196/84 110/189/84
o GrassBlade
v 0.261536 -0.502450 0.075015
v 0.261536 -0.301535 0.075015
v 0.260934 -0.502450 0.073886
v 0.260934 -0.301535 0.073886
v 0.288005 -0.502450 0.060895
v 0.288005 -0.301535 0.060895
v 0.287403 -0.502450 0.059767
v 0.287403 -0.301535 0.059767
vn -0.8823 -0.0000 0.4707
vn -0.4707 -0.0000 -0.8823
vn 0.8823 -0.0000 -0.4707
vn 0.4707 -0.0000 0.8823
vn -0.0000 -1.0000 -0.0000
vn -0.0000 1.0000 -0.0000
vt 0.375000 0.000000
vt 0.625000 0.000000
vt 0.625000 0.250000
vt 0.375000 0.250000
vt 0.625000 0.500000
vt 0.375000 0.500000
vt 0.625000 0.750000
vt 0.375000 0.750000
vt 0.625000 1.000000
vt 0.375000 1.000000
vt 0.125000 0.500000
vt 0.125000 0.750000
vt 0.875000 0.500000
vt 0.875000 0.750000
s 0
usemtl Grass
f 113/197/85 114/198/85 116/199/85 115/200/85
f 115/200/86 116/199/86 120/201/86 119/202/86
f 119/202/87 120/201/87 118/203/87 117/204/87
f 117/204/88 118/203/88 114/205/88 113/206/88
f 115/207/89 119/202/89 117/204/89 113/208/89
f 120/201/90 116/209/90 114/210/90 118/203/90
o GrassBlade
v 0.007129 -0.501280 -0.029110
v 0.007129 -0.396284 -0.029110
v 0.006805 -0.501280 -0.030348
v 0.006805 -0.396284 -0.030348
v 0.036150 -0.501280 -0.036709
v 0.036150 -0.396284 -0.036709
v 0.035826 -0.501280 -0.037946
v 0.035826 -0.396284 -0.037946
vn -0.9674 -0.0000 0.2533
vn -0.2533 -0.0000 -0.9674
vn 0.9674 -0.0000 -0.2533
vn 0.2533 -0.0000 0.9674
vn -0.0000 -1.0000 -0.0000
vn -0.0000 1.0000 -0.0000
vt 0.375000 0.000000
vt 0.625000 0.000000
vt 0.625000 0.250000
vt 0.375000 0.250000
vt 0.625000 0.500000
vt 0.375000 0.500000
vt 0.625000 0.750000
vt 0.375000 0.750000
vt 0.625000 1.000000
vt 0.375000 1.000000
vt 0.125000 0.500000
vt 0.125000 0.750000
vt 0.875000 0.500000
vt 0.875000 0.750000
s 0
usemtl Grass
f 121/211/91 122/212/91 124/213/91 123/214/91
f 123/214/92 124/213/92 128/215/92 127/216/92
f 127/216/93 128/215/93 126/217/93 125/218/93
f 125/218/94 126/217/94 122/219/94 121/220/94
f 123/221/95 127/216/95 125/218/95 121/222/95
f 128/215/96 124/223/96 122/224/96 126/217/96
o GrassBlade
v 0.298500 -0.504567 0.274443
v 0.298500 -0.130047 0.274443
v 0.297487 -0.504567 0.273662
v 0.297487 -0.130047 0.273662
v 0.316830 -0.504567 0.250695
v 0.316830 -0.130047 0.250695
v 0.315817 -0.504567 0.249913
v 0.315817 -0.130047 0.249913
vn -0.6110 -0.0000 0.7916
vn -0.7916 -0.0000 -0.6110
vn 0.6110 -0.0000 -0.7916
vn 0.7916 -0.0000 0.6110
vn -0.0000 -1.0000 -0.0000
vn -0.0000 1.0000 -0.0000
vt 0.375000 0.000000
vt 0.625000 0.000000
vt 0.625000 0.250000
vt 0.375000 0.250000
vt 0.625000 0.500000
vt 0.375000 0.500000
vt 0.625000 0.750000
vt 0.375000 0.750000
vt 0.625000 1.000000
vt 0.375000 1.000000
vt 0.125000 0.500000
vt 0.125000 0.750000
vt 0.875000 0.500000
vt 0.875000 0.750000
s 0
usemtl Grass
f 129/225/97 130/226/97 132/227/97 131/228/97
f 131/228/98 132/227/98 136/229/98 135/230/98
f 135/230/99 136/229/99 134/231/99 133/232/99
f 133/232/100 134/231/100 130/233/100 129/234/100
f 131/235/101 135/230/101 133/232/101 129/236/101
f 136/229/102 132/237/102 130/238/102 134/231/102
o GrassBlade
v 0.478821 -0.503898 -0.383958
v 0.478821 -0.184265 -0.383958
v 0.477922 -0.503898 -0.384868
v 0.477922 -0.184265 -0.384868
v 0.500157 -0.503898 -0.405048
v 0.500157 -0.184265 -0.405048
v 0.499258 -0.503898 -0.405958
v 0.499258 -0.184265 -0.405958
vn -0.7112 -0.0000 0.7030
vn -0.7030 -0.0000 -0.7112
vn 0.7112 -0.0000 -0.7030
vn 0.7030 -0.0000 0.7112
vn -0.0000 -1.0000 -0.0000
vn -0.0000 1.0000 -0.0000
vt 0.375000 0.000000
vt 0.625000 0.000000
vt 0.625000 0.250000
vt 0.375000 0.250000
vt 0.625000 0.500000
vt 0.375000 0.500000
vt 0.625000 0.750000
vt 0.375000 0.750000
vt 0.625000 1.000000
vt 0.375000 1.000000
vt 0.125000 0.500000
vt 0.125000 0.750000
vt 0.875000 0.500000
vt 0.875000 0.750000
s 0
usemtl Grass
f 137/239/103 138/240/103 140/241/103 139/242/103
f 139/242/104 140/241/104 144/243/104 143/244/104
f 143/244/105 144/243/105 142/245/105 141/246/105
f 141/246/106 142/245/106 138/247/106 137/248/106
f 139/249/107 143/244/107 141/246/107 137/250/107
f 144/243/108 140/251/108 138/252/108 142/245/108
o GrassBlade
v -0.000571 -0.504735 -0.262207
v -0.000571 -0.116475 -0.262207
v -0.001609 -0.504735 -0.262954
v -0.001609 -0.116475 -0.262954
v 0.016954 -0.504735 -0.286557
v 0.016954 -0.116475 -0.286557
v 0.015915 -0.504735 -0.287304
v 0.015915 -0.116475 -0.287304
vn -0.5841 -0.0000 0.8117
vn -0.8117 -0.0000 -0.5841
vn 0.5841 -0.0000 -0.8117
vn 0.8117 -0.0000 0.5841
vn -0.0000 -1.0000 -0.0000
vn -0.0000 1.0000 -0.0000
vt 0.375000 0.000000
vt 0.625000 0.000000
vt 0.625000 0.250000
vt 0.375000 0.250000
vt 0.625000 0.500000
vt 0.375000 0.500000
vt 0.625000 0.750000
vt 0.375000 0.750000
vt 0.625000 1.000000
vt 0.375000 1.000000
vt 0.125000 0.500000
vt 0.125000 0.750000
vt 0.875000 0.500000
vt 0.875000 0.750000
s 0
usemtl Grass
f 145/253/109 146/254/109 148/255/109 147/256/109
f 147/256/110 148/255/110 152/257/110 151/258/110
f 151/258/111 152/257/111 150/259/111 149/260/111
f 149/260/112 150/259/112 146/261/112 145/262/112
f 147/263/113 151/258/113 149/260/113 145/264/113
f 152/257/114 148/265/114 146/266/114 150/259/114
o GrassBlade
v 0.310498 -0.504046 0.018669
v 0.310498 -0.172297 0.018669
v 0.309572 -0.504046 0.017786
v 0.309572 -0.172297 0.017786
v 0.331201 -0.504046 -0.003042
v 0.331201 -0.172297 -0.003042
v 0.330275 -0.504046 -0.003925
v 0.330275 -0.172297 -0.003925
vn -0.6901 -0.0000 0.7237
vn -0.7237 -0.0000 -0.6901
vn 0.6901 -0.0000 -0.7237
vn 0.7237 -0.0000 0.6901
vn -0.0000 -1.0000 -0.0000
vn -0.0000 1.0000 -0.0000
vt 0.375000 0.000000
vt 0.625000 0.000000
vt 0.625000 0.250000
vt 0.375000 0.250000
vt 0.625000 0.500000
vt 0.375000 0.500000
vt 0.625000 0.750000
vt 0.375000 0.750000
vt 0.625000 1.000000
vt 0.375000 1.000000
vt 0.125000 0.500000
vt 0.125000 0.750000
vt 0.875000 0.500000
vt 0.875000 0.750000
s 0
usemtl Grass
f 153/267/115 154/268/115 156/269/115 155/270/115
f 155/270/116 156/269/116 160/271/116 159/272/116
f 159/272/117 160/271/117 158/273/117 157/274/117
f 157/274/118 158/273/118 154/275/118 153/276/118
f 155/277/119 159/272/119 157/274/119 153/278/119
f 160/271/120 156/279/120 154/280/120 158/273/120
o GrassBlade
v -0.042495 -0.500812 -0.300720
v -0.042495 -0.434251 -0.300720
v -0.042701 -0.500812 -0.301982
v -0.042701 -0.434251 -0.301982
v -0.012889 -0.500812 -0.305568
v -0.012889 -0.434251 -0.305568
v -0.013096 -0.500812 -0.306831
v -0.013096 -0.434251 -0.306831
vn -0.9869 -0.0000 0.1616
vn -0.1616 -0.0000 -0.9869
vn 0.9869 -0.0000 -0.1616
vn 0.1616 -0.0000 0.9869
vn -0.0000 -1.0000 -0.0000
vn -0.0000 1.0000 -0.0000
vt 0.375000 0.000000
vt 0.625000 0.000000
vt 0.625000 0.250000
vt 0.375000 0.250000
vt 0.625000 0.500000
vt 0.375000 0.500000
vt 0.625000 0.750000
vt 0.375000 0.750000
vt 0.625000 1.000000
vt 0.375000 1.000000
vt 0.125000 0.500000
vt 0.125000 0.750000
vt 0.875000 0.500000
vt 0.875000 0.750000
s 0
usemtl Grass
f 161/281/121 162/282/121 164/283/121 163/284/121
f 163/284/122 164/283/122 168/285/122 167/286/122
f 167/286/123 168/285/123 166/287/123 165/288/123
f 165/288/124 166/287/124 162/289/124 161/290/124
f 163/291/125 167/286/125 165/288/125 161/292/125
f 168/285/126 164/293/126 162/294/126 166/287/126
o GrassBlade
v -0.055137 -0.502622 -0.239270
v -0.055137 -0.287622 -0.239270
v -0.055778 -0.502622 -0.240377
v -0.055778 -0.287622 -0.240377
v -0.029168 -0.502622 -0.254290
v -0.029168 -0.287622 -0.254290
v -0.029809 -0.502622 -0.255397
v -0.029809 -0.287622 -0.255397
vn -0.8656 -0.0000 0.5007
vn -0.5007 -0.0000 -0.8656
vn 0.8656 -0.0000 -0.5007
vn 0.5007 -0.0000 0.8656
vn -0.0000 -1.0000 -0.0000
vn -0.0000 1.0000 -0.0000
vt 0.375000 0.000000
vt 0.625000 0.000000
vt 0.625000 0.250000
vt 0.375000 0.250000
vt 0.625000 0.500000
vt 0.375000 0.500000
vt 0.625000 0.750000
vt 0.375000 0.750000
vt 0.625000 1.000000
vt 0.375000 1.000000
vt 0.125000 0.500000
vt 0.125000 0.750000
vt 0.875000 0.500000
vt 0.875000 0.750000
s 0
usemtl Grass
f 169/295/127 170/296/127 172/297/127 171/298/127
f 171/298/128 172/297/128 176/299/128 175/300/128
f 175/300/129 176/299/129 174/301/129 173/302/129
f 173/302/130 174/301/130 170/303/130 169/304/130
f 171/305/131 175/300/131 173/302/131 169/306/131
f 176/299/132 172/307/132 170/308/132 174/301/132
o GrassBlade
v 0.322658 -0.500151 0.319382
v 0.322658 -0.487735 0.319382
v 0.322619 -0.500151 0.318104
v 0.322619 -0.487735 0.318104
v 0.352644 -0.500151 0.318474
v 0.352644 -0.487735 0.318474
v 0.352605 -0.500151 0.317195
v 0.352605 -0.487735 0.317195
vn -0.9995 -0.0000 0.0303
vn -0.0303 -0.0000 -0.9995
vn 0.9995 -0.0000 -0.0303
vn 0.0303 -0.0000 0.9995
vn -0.0000 -1.0000 -0.0000
vn -0.0000 1.0000 -0.0000
vt 0.375000 0.000000
vt 0.625000 0.000000
vt 0.625000 0.250000
vt 0.375000 0.250000
vt 0.625000 0.500000
vt 0.375000 0.500000
vt 0.625000 0.750000
vt 0.375000 0.750000
vt 0.625000 1.000000
vt 0.375000 1.000000
vt 0.125000 0.500000
vt 0.125000 0.750000
vt 0.875000 0.500000
vt 0.875000 0.750000
s 0
usemtl Grass
f 177/309/133 178/310/133 180/311/133 179/312/133
f 179/312/134 180/311/134 184/313/134 183/314/134
f 183/314/135 184/313/135 182/315/135 181/316/135
f 181/316/136 182/315/136 178/317/136 177/318/136
f 179/319/137 183/314/137 181/316/137 177/320/137
f 184/313/138 180/321/138 178/322/138 182/315/138
o GrassBlade
v 0.203432 -0.504916 -0.075068
v 0.203432 -0.101803 -0.075068
v 0.202368 -0.504916 -0.075777
v 0.202368 -0.101803 -0.075777
v 0.220063 -0.504916 -0.100036
v 0.220063 -0.101803 -0.100036
v 0.218999 -0.504916 -0.100746
v 0.218999 -0.101803 -0.100746
vn -0.5544 -0.0000 0.8323
vn -0.8323 -0.0000 -0.5544
vn 0.5544 -0.0000 -0.8323
vn 0.8323 -0.0000 0.5544
vn -0.0000 -1.0000 -0.0000
vn -0.0000 1.0000 -0.0000
vt 0.375000 0.000000
vt 0.625000 0.000000
vt 0.625000 0.250000
vt 0.375000 0.250000
vt 0.625000 0.500000
vt 0.375000 0.500000
vt 0.625000 0.750000
vt 0.375000 0.750000
vt 0.625000 1.000000
vt 0.375000 1.000000
vt 0.125000 0.500000
vt 0.125000 0.750000
vt 0.875000 0.500000
vt 0.875000 0.750000
s 0
usemtl Grass
f 185/323/139 186/324/139 188/325/139 187/326/139
f 187/326/140 188/325/140 192/327/140 191/328/140
f 191/328/141 192/327/141 190/329/141 189/330/141
f 189/330/142 190/329/142 186/331/142 185/332/142
f 187/333/143 191/328/143 189/330/143 185/334/143
f 192/327/144 188/335/144 186/336/144 190/329/144
o GrassBlade
v 0.322873 -0.500593 -0.428523
v 0.322873 -0.451951 -0.428523
v 0.322722 -0.500593 -0.429793
v 0.322722 -0.451951 -0.429793
v 0.352662 -0.500593 -0.432074
v 0.352662 -0.451951 -0.432074
v 0.352511 -0.500593 -0.433344
v 0.352511 -0.451951 -0.433344
vn -0.9930 -0.0000 0.1184
vn -0.1184 -0.0000 -0.9930
vn 0.9930 -0.0000 -0.1184
vn 0.1184 -0.0000 0.9930
vn -0.0000 -1.0000 -0.0000
vn -0.0000 1.0000 -0.0000
vt 0.375000 0.000000
vt 0.625000 0.000000
vt 0.625000 0.250000
vt 0.375000 0.250000
vt 0.625000 0.500000
vt 0.375000 0.500000
vt 0.625000 0.750000
vt 0.375000 0.750000
vt 0.625000 1.000000
vt 0.375000 1.000000
vt 0.125000 0.500000
vt 0.125000 0.750000
vt 0.875000 0.500000
vt 0.875000 0.750000
s 0
usemtl Grass
f 193/337/145 194/338/145 196/339/145 195/340/145
f 195/340/146 196/339/146 200/341/146 199/342/146
f 199/342/147 200/341/147 198/343/147 197/344/147
f 197/344/148 198/343/148 194/345/148 193/346/148
f 195/347/149 199/342/149 197/344/149 193/348/149
f 200/341/150 196/349/150 194/350/150 198/343/150
o GrassBlade
v -0.080669 -0.500301 -0.142611
v -0.080669 -0.475660 -0.142611
v -0.080746 -0.500301 -0.143888
v -0.080746 -0.475660 -0.143888
v -0.050723 -0.500301 -0.144413
v -0.050723 -0.475660 -0.144413
v -0.050800 -0.500301 -0.145690
v -0.050800 -0.475660 -0.145690
vn -0.9982 -0.0000 0.0601
vn -0.0601 -0.0000 -0.9982
vn 0.9982 -0.0000 -0.0601
vn 0.0601 -0.0000 0.9982
vn -0.0000 -1.0000 -0.0000
vn -0.0000 1.0000 -0.0000
vt 0.375000 0.000000
vt 0.625000 0.000000
vt 0.625000 0.250000
vt 0.375000 0.250000
vt 0.625000 0.500000
vt 0.375000 0.500000
vt 0.625000 0.750000
vt 0.375000 0.750000
vt 0.625000 1.000000
vt 0.375000 1.000000
vt 0.125000 0.500000
vt 0.125000 0.750000
vt 0.875000 0.500000
vt 0.875000 0.750000
s 0
usemtl Grass
f 201/351/151 202/352/151 204/353/151 203/354/151
f 203/354/152 204/353/152 208/355/152 207/356/152
f 207/356/153 208/355/153 206/357/153 205/358/153
f 205/358/154 206/357/154 202/359/154 201/360/154
f 203/361/155 207/356/155 205/358/155 201/362/155
f 208/355/156 204/363/156 202/364/156 206/357/156
o GrassBlade
v -0.133253 -0.503418 -0.227122
v -0.133253 -0.223137 -0.227122
v -0.134061 -0.503418 -0.228114
v -0.134061 -0.223137 -0.228114
v -0.109994 -0.503418 -0.246070
v -0.109994 -0.223137 -0.246070
v -0.110802 -0.503418 -0.247062
v -0.110802 -0.223137 -0.247062
vn -0.7753 -0.0000 0.6316
vn -0.6316 -0.0000 -0.7753
vn 0.7753 -0.0000 -0.6316
vn 0.6316 -0.0000 0.7753
vn -0.0000 -1.0000 -0.0000
vn -0.0000 1.0000 -0.0000
vt 0.375000 0.000000
vt 0.625000 0.000000
vt 0.625000 0.250000
vt 0.375000 0.250000
vt 0.625000 0.500000
vt 0.375000 0.500000
vt 0.625000 0.750000
vt 0.375000 0.750000
vt 0.625000 1.000000
vt 0.375000 1.000000
vt 0.125000 0.500000
vt 0.125000 0.750000
vt 0.875000 0.500000
vt 0.875000 0.750000
s 0
usemtl Grass
f 209/365/157 210/366/157 212/367/157 211/368/157
f 211/368/158 212/367/158 216/369/158 215/370/158
f 215/370/159 216/369/159 214/371/159 213/372/159
f 213/372/160 214/371/160 210/373/160 209/374/160
f 211/375/161 215/370/161 213/372/161 209/376/161
f 216/369/162 212/377/162 210/378/162 214/371/162
o GrassBlade
v 0.241015 -0.504864 0.258132
v 0.241015 -0.106012 0.258132
v 0.239958 -0.504864 0.257412
v 0.239958 -0.106012 0.257412
v 0.257905 -0.504864 0.233338
v 0.257905 -0.106012 0.233338
v 0.256847 -0.504864 0.232618
v 0.256847 -0.106012 0.232618
vn -0.5630 -0.0000 0.8265
vn -0.8265 -0.0000 -0.5630
vn 0.5630 -0.0000 -0.8265
vn 0.8265 -0.0000 0.5630
vn -0.0000 -1.0000 -0.0000
vn -0.0000 1.0000 -0.0000
vt 0.375000 0.000000
vt 0.625000 0.000000
vt 0.625000 0.250000
vt 0.375000 0.250000
vt 0.625000 0.500000
vt 0.375000 0.500000
vt 0.625000 0.750000
vt 0.375000 0.750000
vt 0.625000 1.000000
vt 0.375000 1.000000
vt 0.125000 0.500000
vt 0.125000 0.750000
vt 0.875000 0.500000
vt 0.875000 0.750000
s 0
usemtl Grass
f 217/379/163 218/380/163 220/381/163 219/382/163
f 219/382/164 220/381/164 224/383/164 223/384/164
f 223/384/165 224/383/165 222/385/165 221/386/165
f 221/386/166 222/385/166 218/387/166 217/388/166
f 219/389/167 223/384/167 221/386/167 217/390/167
f 224/383/168 220/391/168 218/392/168 222/385/168
o GrassBlade
v 0.422208 -0.500006 0.427194
v 0.422208 -0.499524 0.427194
v 0.422206 -0.500006 0.425915
v 0.422206 -0.499524 0.425915
v 0.452208 -0.500006 0.427159
v 0.452208 -0.499524 0.427159
v 0.452206 -0.500006 0.425879
v 0.452206 -0.499524 0.425879
vn -1.0000 -0.0000 0.0012
vn -0.0012 -0.0000 -1.0000
vn 1.0000 -0.0000 -0.0012
vn 0.0012 -0.0000 1.0000
vn -0.0000 -1.0000 -0.0000
vn -0.0000 1.0000 -0.0000
vt 0.375000 0.000000
vt 0.625000 0.000000
vt 0.625000 0.250000
vt 0.375000 0.250000
vt 0.625000 0.500000
vt 0.375000 0.500000
vt 0.625000 0.750000
vt 0.375000 0.750000
vt 0.625000 1.000000
vt 0.375000 1.000000
vt 0.125000 0.500000
vt 0.125000 0.750000
vt 0.875000 0.500000
vt 0.875000 0.750000
s 0
usemtl Grass
f 225/393/169 226/394/169 228/395/169 227/396/169
f 227/396/170 228/395/170 232/397/170 231/398/170
f 231/398/171 232/397/171 230/399/171 229/400/171
f 229/400/172 230/399/172 226/401/172 225/402/172
f 227/403/173 231/398/173 229/400/173 225/404/173
f 232/397/174 228/405/174 226/406/174 230/399/174
o GrassBlade
v -0.254198 -0.503929 -0.336940
v -0.254198 -0.181739 -0.336940
v -0.255103 -0.503929 -0.337844
v -0.255103 -0.181739 -0.337844
v -0.232994 -0.503929 -0.358162
v -0.232994 -0.181739 -0.358162
v -0.233899 -0.503929 -0.359066
v -0.233899 -0.181739 -0.359066
vn -0.7068 -0.0000 0.7074
vn -0.7074 -0.0000 -0.7068
vn 0.7068 -0.0000 -0.7074
vn 0.7074 -0.0000 0.7068
vn -0.0000 -1.0000 -0.0000
vn -0.0000 1.0000 -0.0000
vt 0.375000 0.000000
vt 0.625000 0.000000
vt 0.625000 0.250000
vt 0.375000 0.250000
vt 0.625000 0.500000
vt 0.375000 0.500000
vt 0.625000 0.750000
vt 0.375000 0.750000
vt 0.625000 1.000000
vt 0.375000 1.000000
vt 0.125000 0.500000
vt 0.125000 0.750000
vt 0.875000 0.500000
vt 0.875000 0.750000
s 0
usemtl Grass
f 233/407/175 234/408/175 236/409/175 235/410/175
f 235/410/176 236/409/176 240/411/176 239/412/176
f 239/412/177 240/411/177 238/413/177 237/414/177
f 237/414/178 238/413/178 234/415/178 233/416/178
f 235/417/179 239/412/179 237/414/179 233/418/179
f 240/411/180 236/419/180 234/420/180 238/413/180
o GrassBlade
v 0.102801 -0.501880 0.099425
v 0.102801 -0.347739 0.099425
v 0.102331 -0.501880 0.098235
v 0.102331 -0.347739 0.098235
v 0.130706 -0.501880 0.088410
v 0.130706 -0.347739 0.088410
v 0.130236 -0.501880 0.087220
v 0.130236 -0.347739 0.087220
vn -0.9302 -0.0000 0.3672
vn -0.3672 -0.0000 -0.9302
vn 0.9302 -0.0000 -0.3672
vn 0.3672 -0.0000 0.9302
vn -0.0000 -1.0000 -0.0000
vn -0.0000 1.0000 -0.0000
vt 0.375000 0.000000
vt 0.625000 0.000000
vt 0.625000 0.250000
vt 0.375000 0.250000
vt 0.625000 0.500000
vt 0.375000 0.500000
vt 0.625000 0.750000
vt 0.375000 0.750000
vt 0.625000 1.000000
vt 0.375000 1.000000
vt 0.125000 0.500000
vt 0.125000 0.750000
vt 0.875000 0.500000
vt 0.875000 0.750000
s 0
usemtl Grass
f 241/421/181 242/422/181 244/423/181 243/424/181
f 243/424/182 244/423/182 248/425/182 247/426/182
f 247/426/183 248/425/183 246/427/183 245/428/183
f 245/428/184 246/427/184 242/429/184 241/430/184
f 243/431/185 247/426/185 245/428/185 241/432/185
f 248/425/186 244/433/186 242/434/186 246/427/186
o GrassBlade
v 0.299788 -0.502616 -0.261028
v 0.299788 -0.288117 -0.261028
v 0.299149 -0.502616 -0.262136
v 0.299149 -0.288117 -0.262136
v 0.325776 -0.502616 -0.276017
v 0.325776 -0.288117 -0.276017
v 0.325136 -0.502616 -0.277125
v 0.325136 -0.288117 -0.277125
vn -0.8662 -0.0000 0.4996
vn -0.4996 -0.0000 -0.8662
vn 0.8662 -0.0000 -0.4996
vn 0.4996 -0.0000 0.8662
vn -0.0000 -1.0000 -0.0000
vn -0.0000 1.0000 -0.0000
vt 0.375000 0.000000
vt 0.625000 0.000000
vt 0.625000 0.250000
vt 0.375000 0.250000
vt 0.625000 0.500000
vt 0.375000 0.500000
vt 0.625000 0.750000
vt 0.375000 0.750000
vt 0.625000 1.000000
vt 0.375000 1.000000
vt 0.125000 0.500000
vt 0.125000 0.750000
vt 0.875000 0.500000
vt 0.875000 0.750000
s 0
usemtl Grass
f 249/435/187 250/436/187 252/437/187 251/438/187
f 251/438/188 252/437/188 256/439/188 255/440/188
f 255/440/189 256/439/189 254/441/189 253/442/189
f 253/442/190 254/441/190 250/443/190 249/444/190
f 251/445/191 255/440/191 253/442/191 249/446/191
f 256/439/192 252/447/192 250/448/192 254/441/192
o GrassBlade
v -0.280232 -0.503350 -0.383663
v -0.280232 -0.228678 -0.383663
v -0.281026 -0.503350 -0.384666
v -0.281026 -0.228678 -0.384666
v -0.256716 -0.503350 -0.402291
v -0.256716 -0.228678 -0.402291
v -0.257510 -0.503350 -0.403294
v -0.257510 -0.228678 -0.403294
vn -0.7839 -0.0000 0.6209
vn -0.6209 -0.0000 -0.7839
vn 0.7839 -0.0000 -0.6209
vn 0.6209 -0.0000 0.7839
vn -0.0000 -1.0000 -0.0000
vn -0.0000 1.0000 -0.0000
vt 0.375000 0.000000
vt 0.625000 0.000000
vt 0.625000 0.250000
vt 0.375000 0.250000
vt 0.625000 0.500000
vt 0.375000 0.500000
vt 0.625000 0.750000
vt 0.375000 0.750000
vt 0.625000 1.000000
vt 0.375000 1.000000
vt 0.125000 0.500000
vt 0.125000 0.750000
vt 0.875000 0.500000
vt 0.875000 0.750000
s 0
usemtl Grass
f 257/449/193 258/450/193 260/451/193 259/452/193
f 259/452/194 260/451/194 264/453/194 263/454/194
f 263/454/195 264/453/195 262/455/195 261/456/195
f 261/456/196 262/455/196 258/457/196 257/458/196
f 259/459/197 263/454/197 261/456/197 257/460/197
f 264/453/198 260/461/198 258/462/198 262/455/198
o GrassBlade
v 0.479147 -0.504328 -0.208081
v 0.479147 -0.149409 -0.208081
v 0.478173 -0.504328 -0.208910
v 0.478173 -0.149409 -0.208910
v 0.498591 -0.504328 -0.230927
v 0.498591 -0.149409 -0.230927
v 0.497617 -0.504328 -0.231756
v 0.497617 -0.149409 -0.231756
vn -0.6481 -0.0000 0.7615
vn -0.7615 -0.0000 -0.6481
vn 0.6481 -0.0000 -0.7615
vn 0.7615 -0.0000 0.6481
vn -0.0000 -1.0000 -0.0000
vn -0.0000 1.0000 -0.0000
vt 0.375000 0.000000
vt 0.625000 0.000000
vt 0.625000 0.250000
vt 0.375000 0.250000
vt 0.625000 0.500000
vt 0.375000 0.500000
vt 0.625000 0.750000
vt 0.375000 0.750000
vt 0.625000 1.000000
vt 0.375000 1.000000
vt 0.125000 0.500000
vt 0.125000 0.750000
vt 0.875000 0.500000
vt 0.875000 0.750000
s 0
usemtl Grass
f 265/463/199 266/464/199 268/465/199 267/466/199
f 267/466/200 268/465/200 272/467/200 271/468/200
f 271/468/201 272/467/201 270/469/201 269/470/201
f 269/470/202 270/469/202 266/471/202 265/472/202
f 267/473/203 271/468/203 269/470/203 265/474/203
f 272/467/204 268/475/204 266/476/204 270/469/204
o GrassBlade
v 0.038365 -0.502465 -0.253233
v 0.038365 -0.300362 -0.253233
v 0.037760 -0.502465 -0.254360
v 0.037760 -0.300362 -0.254360
v 0.064794 -0.502465 -0.267430
v 0.064794 -0.300362 -0.267430
v 0.064189 -0.502465 -0.268556
v 0.064189 -0.300362 -0.268556
vn -0.8809 -0.0000 0.4732
vn -0.4732 -0.0000 -0.8809
vn 0.8809 -0.0000 -0.4732
vn 0.4732 -0.0000 0.8809
vn -0.0000 -1.0000 -0.0000
vn -0.0000 1.0000 -0.0000
vt 0.375000 0.000000
vt 0.625000 0.000000
vt 0.625000 0.250000
vt 0.375000 0.250000
vt 0.625000 0.500000
vt 0.375000 0.500000
vt 0.625000 0.750000
vt 0.375000 0.750000
vt 0.625000 1.000000
vt 0.375000 1.000000
vt 0.125000 0.500000
vt 0.125000 0.750000
vt 0.875000 0.500000
vt 0.875000 0.750000
s 0
usemtl Grass
f 273/477/205 274/478/205 276/479/205 275/480/205
f 275/480/206 276/479/206 280/481/206 279/482/206
f 279/482/207 280/481/207 278/483/207 277/484/207
f 277/484/208 278/483/208 274/485/208 273/486/208
f 275/487/209 279/482/209 277/484/209 273/488/209
f 280/481/210 276/489/210 274/490/210 278/483/210
o GrassBlade
v 0.345298 -0.500457 -0.460999
v 0.345298 -0.462971 -0.460999
v 0.345181 -0.500457 -0.462273
v 0.345181 -0.462971 -0.462273
v 0.375173 -0.500457 -0.463738
v 0.375173 -0.462971 -0.463738
v 0.375056 -0.500457 -0.465012
v 0.375056 -0.462971 -0.465012
vn -0.9958 -0.0000 0.0913
vn -0.0913 -0.0000 -0.9958
vn 0.9958 -0.0000 -0.0913
vn 0.0913 -0.0000 0.9958
vn -0.0000 -1.0000 -0.0000
vn -0.0000 1.0000 -0.0000
vt 0.375000 0.000000
vt 0.625000 0.000000
vt 0.625000 0.250000
vt 0.375000 0.250000
vt 0.625000 0.500000
vt 0.375000 0.500000
vt 0.625000 0.750000
vt 0.375000 0.750000
vt 0.625000 1.000000
vt 0.375000 1.000000
vt 0.125000 0.500000
vt 0.125000 0.750000
vt 0.875000 0.500000
vt 0.875000 0.750000
s 0
usemtl Grass
f 281/491/211 282/492/211 284/493/211 283/494/211
f 283/494/212 284/493/212 288/495/212 287/496/212
f 287/496/213 288/495/213 286/497/213 285/498/213
f 285/498/214 286/497/214 282/499/214 281/500/214
f 283/501/215 287/496/215 285/498/215 281/502/215
f 288/495/216 284/503/216 282/504/216 286/497/216
o GrassBlade
v 0.422000 -0.503936 -0.097825
v 0.422000 -0.181177 -0.097825
v 0.421094 -0.503936 -0.098728
v 0.421094 -0.181177 -0.098728
v 0.443175 -0.503936 -0.119076
v 0.443175 -0.181177 -0.119076
v 0.442269 -0.503936 -0.119979
v 0.442269 -0.181177 -0.119979
vn -0.7058 -0.0000 0.7084
vn -0.7084 -0.0000 -0.7058
vn 0.7058 -0.0000 -0.7084
vn 0.7084 -0.0000 0.7058
vn -0.0000 -1.0000 -0.0000
vn -0.0000 1.0000 -0.0000
vt 0.375000 0.000000
vt 0.625000 0.000000
vt 0.625000 0.250000
vt 0.375000 0.250000
vt 0.625000 0.500000
vt 0.375000 0.500000
vt 0.625000 0.750000
vt 0.375000 0.750000
vt 0.625000 1.000000
vt 0.375000 1.000000
vt 0.125000 0.500000
vt 0.125000 0.750000
vt 0.875000 0.500000
vt 0.875000 0.750000
s 0
usemtl Grass
f 289/505/217 290/506/217 292/507/217 291/508/217
f 291/508/218 292/507/218 296/509/218 295/510/218
f 295/510/219 296/509/219 294/511/219 293/512/219
f 293/512/220 294/511/220 290/513/220 289/514/220
f 291/515/221 295/510/221 293/512/221 289/516/221
f 296/509/222 292/517/222 290/518/222 294/511/222
o GrassBlade
v 0.271569 -0.502437 0.040261
v 0.271569 -0.302604 0.040261
v 0.270970 -0.502437 0.039131
v 0.270970 -0.302604 0.039131
v 0.298076 -0.502437 0.026211
v 0.298076 -0.302604 0.026211
v 0.297477 -0.502437 0.025081
v 0.297477 -0.302604 0.025081
vn -0.8836 -0.0000 0.4683
vn -0.4683 -0.0000 -0.8836
vn 0.8836 -0.0000 -0.4683
vn 0.4683 -0.0000 0.8836
vn -0.0000 -1.0000 -0.0000
vn -0.0000 1.0000 -0.0000
vt 0.375000 0.000000
vt 0.625000 0.000000
vt 0.625000 0.250000
vt 0.375000 0.250000
vt 0.625000 0.500000
vt 0.375000 0.500000
vt 0.625000 0.750000
vt 0.375000 0.750000
vt 0.625000 1.000000
vt 0.375000 1.000000
vt 0.125000 0.500000
vt 0.125000 0.750000
vt 0.875000 0.500000
vt 0.875000 0.750000
s 0
usemtl Grass
f 297/519/223 298/520/223 300/521/223 299/522/223
f 299/522/224 300/521/224 304/523/224 303/524/224
f 303/524/225 304/523/225 302/525/225 301/526/225
f 301/526/226 302/525/226 298/527/226 297/528/226
f 299/529/227 303/524/227 301/526/227 297/530/227
f 304/523/228 300/531/228 298/532/228 302/525/228
o GrassBlade
v 0.294516 -0.500840 0.163160
v 0.294516 -0.431971 0.163160
v 0.294302 -0.500840 0.161898
v 0.294302 -0.431971 0.161898
v 0.324094 -0.500840 0.158144
v 0.324094 -0.431971 0.158144
v 0.323880 -0.500840 0.156883
v 0.323880 -0.431971 0.156883
vn -0.9859 -0.0000 0.1672
vn -0.1672 -0.0000 -0.9859
vn 0.9859 -0.0000 -0.1672
vn 0.1672 -0.0000 0.9859
vn -0.0000 -1.0000 -0.0000
vn -0.0000 1.0000 -0.0000
vt 0.375000 0.000000
vt 0.625000 0.000000
vt 0.625000 0.250000
vt 0.375000 0.250000
vt 0.625000 0.500000
vt 0.375000 0.500000
vt 0.625000 0.750000
vt 0.375000 0.750000
vt 0.625000 1.000000
vt 0.375000 1.000000
vt 0.125000 0.500000
vt 0.125000 0.750000
vt 0.875000 0.500000
vt 0.875000 0.750000
s 0
usemtl Grass
f 305/533/229 306/534/229 308/535/229 307/536/229
f 307/536/230 308/535/230 312/537/230 311/538/230
f 311/538/231 312/537/231 310/539/231 309/540/231
f 309/540/232 310/539/232 306/541/232 305/542/232
f 307/543/233 311/538/233 309/540/233 305/544/233
f 312/537/234 308/545/234 306/546/234 310/539/234
o GrassBlade
v -0.202757 -0.501273 -0.224817
v -0.202757 -0.396903 -0.224817
v -0.203079 -0.501273 -0.226055
v -0.203079 -0.396903 -0.226055
v -0.173724 -0.501273 -0.232371
v -0.173724 -0.396903 -0.232371
v -0.174046 -0.501273 -0.233609
v -0.174046 -0.396903 -0.233609
vn -0.9678 -0.0000 0.2518
vn -0.2518 -0.0000 -0.9678
vn 0.9678 -0.0000 -0.2518
vn 0.2518 -0.0000 0.9678
vn -0.0000 -1.0000 -0.0000
vn -0.0000 1.0000 -0.0000
vt 0.375000 0.000000
vt 0.625000 0.000000
vt 0.625000 0.250000
vt 0.375000 0.250000
vt 0.625000 0.500000
vt 0.375000 0.500000
vt 0.625000 0.750000
vt 0.375000 0.750000
vt 0.625000 1.000000
vt 0.375000 1.000000
vt 0.125000 0.500000
vt 0.125000 0.750000
vt 0.875000 0.500000
vt 0.875000 0.750000
s 0
usemtl Grass
